[0, 0, 1, 2, 2, 2]
[0, 0, 1, 3, 4, 4]
[0, 5, 1, 3, 0, -1]
[6, 5, 7, 7, 7, -1]
[6, 5, 0, 8, 8, 8]
[6, 0, 0, 0, 0, 0]


[0, 0, 1, 2, 2, 2]
[0, 5, 1, 3, 4, 4]
[0, 5, 1, 3, 0, -1]
[6, 5, 7, 7, 7, -1]
[6, 0, 0, 8, 8, 8]
[6, 0, 0, 0, 0, 0]


[0, 5, 1, 2, 2, 2]
[0, 5, 1, 3, 4, 4]
[0, 5, 1, 3, 0, -1]
[6, 0, 7, 7, 7, -1]
[6, 0, 0, 8, 8, 8]
[6, 0, 0, 0, 0, 0]


[0, 5, 1, 2, 2, 2]
[0, 5, 1, 3, 4, 4]
[6, 5, 1, 3, 0, -1]
[6, 0, 7, 7, 7, -1]
[6, 0, 0, 8, 8, 8]
[0, 0, 0, 0, 0, 0]


[0, 5, 1, 2, 2, 2]
[6, 5, 1, 3, 4, 4]
[6, 5, 1, 3, 0, -1]
[6, 0, 7, 7, 7, -1]
[0, 0, 0, 8, 8, 8]
[0, 0, 0, 0, 0, 0]


[6, 5, 1, 2, 2, 2]
[6, 5, 1, 3, 4, 4]
[6, 5, 1, 3, 0, -1]
[0, 0, 7, 7, 7, -1]
[0, 0, 0, 8, 8, 8]
[0, 0, 0, 0, 0, 0]


[6, 5, 1, 2, 2, 2]
[6, 5, 1, 3, 4, 4]
[6, 5, 1, 3, 0, -1]
[0, 7, 7, 7, 0, -1]
[0, 0, 0, 8, 8, 8]
[0, 0, 0, 0, 0, 0]


[6, 5, 1, 2, 2, 2]
[6, 5, 1, 3, 4, 4]
[6, 5, 1, 3, 0, -1]
[7, 7, 7, 0, 0, -1]
[0, 0, 0, 8, 8, 8]
[0, 0, 0, 0, 0, 0]


[6, 5, 1, 2, 2, 2]
[6, 5, 1, 0, 4, 4]
[6, 5, 1, 3, 0, -1]
[7, 7, 7, 3, 0, -1]
[0, 0, 0, 8, 8, 8]
[0, 0, 0, 0, 0, 0]


[6, 5, 1, 2, 2, 2]
[6, 5, 1, 4, 4, 0]
[6, 5, 1, 3, 0, -1]
[7, 7, 7, 3, 0, -1]
[0, 0, 0, 8, 8, 8]
[0, 0, 0, 0, 0, 0]


[6, 5, 1, 2, 2, 2]
[6, 5, 1, 4, 4, -1]
[6, 5, 1, 3, 0, -1]
[7, 7, 7, 3, 0, 0]
[0, 0, 0, 8, 8, 8]
[0, 0, 0, 0, 0, 0]


[6, 5, 1, 2, 2, 2]
[6, 5, 1, 4, 4, -1]
[6, 5, 1, 3, 0, -1]
[7, 7, 7, 3, 0, 0]
[0, 0, 8, 8, 8, 0]
[0, 0, 0, 0, 0, 0]


[6, 5, 1, 2, 2, 2]
[6, 5, 1, 4, 4, -1]
[6, 5, 1, 3, 0, -1]
[7, 7, 7, 3, 0, 0]
[0, 8, 8, 8, 0, 0]
[0, 0, 0, 0, 0, 0]


[6, 5, 1, 2, 2, 2]
[6, 5, 1, 4, 4, -1]
[6, 5, 1, 3, 0, -1]
[7, 7, 7, 3, 0, 0]
[8, 8, 8, 0, 0, 0]
[0, 0, 0, 0, 0, 0]


[6, 5, 1, 2, 2, 2]
[6, 5, 1, 4, 4, -1]
[6, 5, 1, 0, 0, -1]
[7, 7, 7, 3, 0, 0]
[8, 8, 8, 3, 0, 0]
[0, 0, 0, 0, 0, 0]


[6, 5, 1, 2, 2, 2]
[6, 5, 1, 4, 4, -1]
[6, 5, 1, 0, 0, -1]
[7, 7, 7, 0, 0, 0]
[8, 8, 8, 3, 0, 0]
[0, 0, 0, 3, 0, 0]


[6, 5, 1, 2, 2, 2]
[6, 5, 1, 4, 4, -1]
[6, 5, 1, 0, 0, -1]
[0, 7, 7, 7, 0, 0]
[8, 8, 8, 3, 0, 0]
[0, 0, 0, 3, 0, 0]


[6, 5, 1, 2, 2, 2]
[6, 5, 1, 4, 4, -1]
[6, 5, 1, 0, 0, -1]
[0, 0, 7, 7, 7, 0]
[8, 8, 8, 3, 0, 0]
[0, 0, 0, 3, 0, 0]


[6, 5, 1, 2, 2, 2]
[6, 5, 1, 4, 4, -1]
[6, 5, 1, 0, 0, -1]
[0, 0, 0, 7, 7, 7]
[8, 8, 8, 3, 0, 0]
[0, 0, 0, 3, 0, 0]


[6, 5, 0, 2, 2, 2]
[6, 5, 1, 4, 4, -1]
[6, 5, 1, 0, 0, -1]
[0, 0, 1, 7, 7, 7]
[8, 8, 8, 3, 0, 0]
[0, 0, 0, 3, 0, 0]


[6, 5, 2, 2, 2, 0]
[6, 5, 1, 4, 4, -1]
[6, 5, 1, 0, 0, -1]
[0, 0, 1, 7, 7, 7]
[8, 8, 8, 3, 0, 0]
[0, 0, 0, 3, 0, 0]


[6, 5, 2, 2, 2, -1]
[6, 5, 1, 4, 4, -1]
[6, 5, 1, 0, 0, 0]
[0, 0, 1, 7, 7, 7]
[8, 8, 8, 3, 0, 0]
[0, 0, 0, 3, 0, 0]


Path Cost 21
