[0, 0, 0, 1, 2, 2]
[0, 0, 0, 1, 3, 3]
[4, 5, 5, 5, 6, 6]
[4, 0, 0, 0, 0, -1]
[0, 0, 7, 7, 7, -1]
[0, 0, 0, 0, 0, 0]


[0, 0, 0, 1, 2, 2]
[4, 0, 0, 1, 3, 3]
[4, 5, 5, 5, 6, 6]
[0, 0, 0, 0, 0, -1]
[0, 0, 7, 7, 7, -1]
[0, 0, 0, 0, 0, 0]


[4, 0, 0, 1, 2, 2]
[4, 0, 0, 1, 3, 3]
[0, 5, 5, 5, 6, 6]
[0, 0, 0, 0, 0, -1]
[0, 0, 7, 7, 7, -1]
[0, 0, 0, 0, 0, 0]


[4, 0, 0, 1, 2, 2]
[4, 0, 0, 1, 3, 3]
[5, 5, 5, 0, 6, 6]
[0, 0, 0, 0, 0, -1]
[0, 0, 7, 7, 7, -1]
[0, 0, 0, 0, 0, 0]


[4, 0, 0, 0, 2, 2]
[4, 0, 0, 1, 3, 3]
[5, 5, 5, 1, 6, 6]
[0, 0, 0, 0, 0, -1]
[0, 0, 7, 7, 7, -1]
[0, 0, 0, 0, 0, 0]


[4, 0, 0, 0, 2, 2]
[4, 0, 0, 0, 3, 3]
[5, 5, 5, 1, 6, 6]
[0, 0, 0, 1, 0, -1]
[0, 0, 7, 7, 7, -1]
[0, 0, 0, 0, 0, 0]


[4, 0, 0, 0, 2, 2]
[4, 0, 0, 0, 3, 3]
[5, 5, 5, 1, 6, 6]
[0, 0, 0, 1, 0, -1]
[0, 7, 7, 7, 0, -1]
[0, 0, 0, 0, 0, 0]


[4, 0, 0, 0, 2, 2]
[4, 0, 0, 0, 3, 3]
[5, 5, 5, 1, 6, 6]
[0, 0, 0, 1, 0, -1]
[7, 7, 7, 0, 0, -1]
[0, 0, 0, 0, 0, 0]


[4, 0, 0, 0, 2, 2]
[4, 0, 0, 0, 3, 3]
[5, 5, 5, 0, 6, 6]
[0, 0, 0, 1, 0, -1]
[7, 7, 7, 1, 0, -1]
[0, 0, 0, 0, 0, 0]


[4, 0, 0, 0, 2, 2]
[4, 0, 0, 0, 3, 3]
[5, 5, 5, 6, 6, 0]
[0, 0, 0, 1, 0, -1]
[7, 7, 7, 1, 0, -1]
[0, 0, 0, 0, 0, 0]


[4, 0, 0, 0, 2, 2]
[4, 0, 0, 0, 3, 3]
[5, 5, 5, 6, 6, -1]
[0, 0, 0, 1, 0, -1]
[7, 7, 7, 1, 0, 0]
[0, 0, 0, 0, 0, 0]


[4, 0, 0, 0, 2, 2]
[4, 0, 0, 3, 3, 0]
[5, 5, 5, 6, 6, -1]
[0, 0, 0, 1, 0, -1]
[7, 7, 7, 1, 0, 0]
[0, 0, 0, 0, 0, 0]


[4, 0, 0, 0, 2, 2]
[4, 0, 0, 3, 3, -1]
[5, 5, 5, 6, 6, -1]
[0, 0, 0, 1, 0, 0]
[7, 7, 7, 1, 0, 0]
[0, 0, 0, 0, 0, 0]


[4, 0, 0, 2, 2, 0]
[4, 0, 0, 3, 3, -1]
[5, 5, 5, 6, 6, -1]
[0, 0, 0, 1, 0, 0]
[7, 7, 7, 1, 0, 0]
[0, 0, 0, 0, 0, 0]


[4, 0, 0, 2, 2, -1]
[4, 0, 0, 3, 3, -1]
[5, 5, 5, 6, 6, 0]
[0, 0, 0, 1, 0, 0]
[7, 7, 7, 1, 0, 0]
[0, 0, 0, 0, 0, 0]


Path Cost 14
